	L-Valine	(¡À)-Tryptophan	Leu-Thr	L-Lysine	Methionine	L-Glutamic acid	Glucose	alpha-D-glucose-6-phosphate	Lactitol	N-Acetyl-D-glucosamine	N-Acetylgalactosaminyl lactose	alpha-D-glucose-6-phosphate	Deoxycholic acid	Taurocholic acid	Glycoursodeoxycholic acid	Taurodeoxycholic acid	Ursodeoxycholic acid	Uridine-5'-monophosphate	S-adenosyl-L-homocysteine	S-adenosylmethioninamine	Cytidine	Uridine	"all-trans-13,14-Dihydroretinol"	Biotin	"(23S)-23,25,26-trihydroxycalciol"	Choline	Methacholine	Ascorbic acid	Glutathionylaminopropylcadaverine	Hydrocortisone	Arachidonic acid	Mesoporphyrin IX	LPC(18:3/0:0)	7-Keto-dehydroepiandrosterone
7d	247814.8724	86902.89942	1193079.049	41124.17326	89000.94363	50157.49496	60318.72651	1224.270533	20722.32275	1982.060506	5253.226998	62733.75111	561.8399515	594144.9812	7872.579794	3505.755836	13794.76415	4910.518083	25089.52263	6449.036973	104116.488	22170.21635	4564.911448	51194.50808	7310.624135	757154.1695	88860.43356	19771.78645	1001.667963	70127.03432	3147.297282	3762.962458	1193535.147	23774.86402
14d	234626.1019	87364.79544	1583871.222	43358.92269	72795.68278	42592.72428	61358.33851	1595.317885	15185.78058	1899.011281	4605.11828	53150.90569	675.1424983	651688.9042	7620.933073	4300.080864	8065.551363	7888.916293	21205.94788	5748.617941	103918.4672	18422.09328	5983.396841	36571.09177	4625.209572	755688.3875	106180.109	23068.43416	963.6628052	27953.28118	2876.803627	4570.741482	1415026.662	23119.97392
21d	234614.0392	92049.23033	1555361.389	40243.27288	78700.22329	42156.80547	65496.52387	2191.520642	11554.41533	1948.439425	3803.89056	49666.4994	600.5198534	961770.135	8256.282881	11974.41902	8321.862636	5748.202798	18223.54203	5970.897628	100619.9822	21610.50738	4302.524451	27550.69556	5561.676446	874208.1127	139678.5809	28374.72399	1379.370619	25186.31197	2865.164165	3727.17553	1332248.26	24610.00988
1m	218763.1967	85763.55899	2035045.537	34950.61408	80611.87513	37655.87493	60773.91117	2660.680278	15256.50855	2235.864011	5734.740611	57732.86244	762.2153796	503537.6171	7255.427287	13076.19058	10294.6381	19868.07663	29543.44743	5655.910117	84931.09356	18382.50198	7626.84372	51999.37698	5078.377351	848981.3793	116250.0747	22124.27304	1503.833358	33419.70894	3139.307461	3990.264345	2610605.454	25442.2863
2m	219898.7618	85744.77363	2328660.803	34709.7428	71685.12224	33248.68399	59509.53919	4642.41607	7246.860153	1898.613797	11509.69447	88588.28134	1851.286527	397612.9323	11931.95832	7631.305783	21187.06162	11180.68347	69414.00962	6531.129305	81361.76362	19868.14134	5574.421165	69661.50458	7226.355166	824985.1589	122493.6628	22120.20004	2071.616797	33557.34717	3572.327148	4323.94959	2337602.922	21262.42115
3m	239241.3384	99096.83315	2079735.73	35419.9701	55287.51893	18944.02846	54861.14361	5872.021672	5678.639575	2373.893983	13546.67095	89649.40227	4861.093179	354425.1469	19067.99189	3121.566028	74858.74714	1929.753115	92748.03336	4351.657618	73115.96339	18810.55412	6363.845288	66209.5427	6990.861703	595403.0639	115222.7242	17145.62562	1946.039829	26735.70388	3194.553821	2705.769637	3436276.537	17136.18094
6m	274695.9523	103384.0289	2373295.341	31112.48517	52826.73579	18080.37603	48734.84973	9410.480628	5310.782937	2776.143377	12618.97413	167621.4728	2196.958208	333548.4076	34657.29916	2572.753913	57610.75942	1791.962083	133582.6925	3482.695848	68656.63083	17385.68611	6431.777569	63529.10969	9700.135241	460466.1556	71859.14277	27780.60972	7775.968444	31893.70731	2060.444581	2538.96809	4133029.072	11897.31239
12m	265506.0742	100607.0317	2842163.443	35692.91269	56189.06868	17003.30129	54765.21735	5001.852572	7942.684518	2202.078253	12781.05467	140691.3607	886.2707178	329601.2293	24913.84464	1942.799772	47344.93556	8640.331731	148411.932	3817.80801	74272.69994	15444.2378	9310.814476	72412.96801	6333.804099	495122.2814	59291.4132	26317.02731	4231.775176	19847.66858	1371.358908	2673.680817	4294028.728	10845.79437
mo	162196.355	33307.53112	1018205.949	16505.81562	44046.17274	18612.82561	29085.90195	5628.056189	6172.868152	923.3735003	12287.60441	176144.7743	1468.333505	135738.8109	76622.56645	3033.231568	48763.24278	5759.612868	140180.4247	2807.355094	25919.30694	8660.328601	6274.066079	64615.46739	9719.317968	501320.2131	82954.77828	17726.6394	11206.04678	52219.10503	4839.922168	1726.760697	1799798.624	11786.61751
